#type spacedensity       Mz       My
0        0.31e-3         14.52    13.58
1        0.63e-3         14.93    13.97
2        0.47e-3         15.30    14.33
3        0.28e-3         15.88    14.89
4        0.66e-3         16.68    15.66
5        0.66e-3         16.94    15.87
6        0.81e-3         17.35    16.27
7        0.60e-3         18.18    17.13
8        0.31e-3         18.10    17.04
9        0.63e-3         17.69    16.57
10       0.24e-3         17.98    16.77
11       0.24e-3         18.84    17.45
12       0.44e-3         18.26    16.75
13       0.27e-3         18.08    16.50
14       0.47e-3         18.02    16.32
15       1.18e-3         19.20    17.43
16       1.45e-3         19.82    18.06
17       1.52e-3         21.17    19.34
18       3.54e-3         21.52    19.75
19       1.86e-3         21.82    20.37
